7.836458683013916016e-01 6.877802610397338867e-01
4.587726891040802002e-01 2.851952016353607178e-01
7.477544546127319336e-01 1.099515408277511597e-01
8.924158662557601929e-02 8.327952623367309570e-01
9.760809540748596191e-01 4.741107523441314697e-01
2.767714560031890869e-01 6.043990850448608398e-01
6.001464128494262695e-01 9.453479647636413574e-01
2.456669062376022339e-01 1.843326389789581299e-01
8.243870735168457031e-01 2.345871776342391968e-01
3.864569962024688721e-01 9.078601598739624023e-01
6.492002606391906738e-01 5.427364110946655273e-01
1.954745315015316010e-02 3.946318924427032471e-01
9.013922214508056641e-01 7.964747548103332520e-01
3.433834612369537354e-01 1.855481415987015117e-02
5.091125965118408203e-01 3.679885864257812500e-01
1.360981017351150513e-01 6.721946001052856445e-01
7.645149827003479004e-01 2.538842558860778809e-01
4.917865991592407227e-01 7.247332930564880371e-01
6.985521912574768066e-01 8.443925380706787109e-01
1.018315628170967102e-01 8.258391171693801880e-02
9.560356736183166504e-01 5.895663499832153320e-01
2.859075963497161865e-01 4.490347504615783691e-01
5.639957785606384277e-01 1.299700438976287842e-01
2.015561610460281372e-01 9.992693662643432617e-01
8.643698692321777344e-01 8.992470502853393555e-01
4.305154979228973389e-01 2.028029412031173706e-01
6.576769948005676270e-01 4.304596781730651855e-01
6.224475428462029197e-02 5.188402533531188965e-01
9.360756278038024902e-01 4.052457213401793740e-02
3.657005727291107178e-01 7.790363430976867676e-01
5.457338094711303711e-01 6.364254951477050781e-01
1.630253493785858154e-01 3.329901099205017090e-01
7.979025840759277344e-01 7.663470506668090820e-02
4.486835896968841553e-01 8.677163720130920410e-01
7.252402901649475098e-01 7.447278499603271484e-01
6.873691827058792114e-02 2.695026397705078125e-01
9.912533760070800781e-01 9.738520383834838867e-01
2.547922730445861816e-01 1.547769606113433838e-01
6.115010976791381836e-01 4.603348076343536377e-01
2.342133522033691406e-01 5.641718506813049316e-01
8.366420269012451172e-01 5.089071393013000488e-01
3.958259522914886475e-01 4.157765209674835205e-01
6.275096535682678223e-01 2.142640352249145508e-01
6.640732754021880409e-03 8.780164718627929688e-01
8.837602138519287109e-01 3.230770230293273926e-01
3.185798227787017822e-01 6.518747806549072266e-01
5.286489725112915039e-01 7.503316998481750488e-01
1.517432481050491333e-01 6.194738671183586121e-02
7.661629915237426758e-01 8.272302746772766113e-01
4.750955998897552490e-01 1.040432304143905640e-01
7.122294902801513672e-01 3.093038797378540039e-01
1.234233230352401733e-01 7.129017114639282227e-01
9.408066272735595703e-01 1.630599051713943481e-01
3.112412095069885254e-01 9.652689099311828613e-01
5.898317694664001465e-01 6.131682991981506348e-01
2.061205953359603882e-01 4.958248734474182129e-01
8.444989323616027832e-01 3.870436251163482666e-01
4.062937498092651367e-01 5.620430707931518555e-01
6.753700971603393555e-01 9.354508519172668457e-01
4.674942046403884888e-02 2.262830138206481934e-01
9.110148549079895020e-01 6.669004559516906738e-01
3.464154899120330811e-01 3.509435653686523438e-01
5.571845769882202148e-01 1.070787105709313999e-02
1.729091405868530273e-01 8.031412363052368164e-01
7.947850823402404785e-01 4.427324235439300537e-01
4.681694209575653076e-01 5.827986001968383789e-01
7.355233430862426758e-01 9.844619035720825195e-01
8.066195994615554810e-02 1.362448185682296753e-01
9.841125607490539551e-01 7.286424636840820312e-01
2.686440050601959229e-01 2.580153346061706543e-01
6.042189002037048340e-01 8.733560889959335327e-02
2.398365437984466553e-01 8.526848554611206055e-01
8.191738724708557129e-01 7.715775966644287109e-01
3.786768913269042969e-01 3.279995918273925781e-02
6.423445940017700195e-01 3.383255004882812500e-01
3.096223995089530945e-02 6.284535527229309082e-01
8.938748240470886230e-01 1.912236809730529785e-01
3.358265459537506104e-01 8.965275287628173828e-01
5.027447342872619629e-01 5.308092832565307617e-01
1.289703398942947388e-01 4.232538342475891113e-01
7.538784146308898926e-01 5.949154496192932129e-01
4.963225722312927246e-01 4.813056886196136475e-01
6.890143156051635742e-01 1.726789474487304688e-01
9.723976999521255493e-02 9.444391727447509766e-01
9.652109146118164062e-01 2.934726774692535400e-01
2.901006340980529785e-01 7.020403146743774414e-01
5.769514441490173340e-01 8.385241627693176270e-01
1.952178180217742920e-01 1.211200729012489319e-01
8.742536902427673340e-01 2.922164089977740895e-02
4.252468645572662354e-01 7.830902338027954102e-01
6.646736264228820801e-01 6.836338639259338379e-01
4.859264194965363243e-02 3.629544675350189209e-01
9.231353998184204102e-01 9.177606701850891113e-01
3.704271316528320312e-01 2.488423734903335571e-01
5.380944013595581055e-01 4.062087237834930420e-01
1.717902421951293945e-01 5.313528776168823242e-01
8.096860051155090332e-01 9.590989947319030762e-01
4.441809654235839844e-01 1.666254103183746338e-01
7.336220145225524902e-01 4.853337407112121582e-01
7.069891691207885742e-02 6.213966608047485352e-01
9.973495602607727051e-01 9.541986882686614990e-02
2.635682523250579834e-01 8.155785799026489258e-01
6.196675896644592285e-01 7.044916152954101562e-01
2.262005358934402466e-01 2.973981499671936035e-01
8.314387798309326172e-01 3.516704738140106201e-01
4.010363817214965820e-01 6.565641164779663086e-01
6.375850439071655273e-01 8.107447028160095215e-01
1.127601135522126978e-02 4.636548925191159680e-03
8.750775456428527832e-01 5.498804450035095215e-01
3.255316019058227539e-01 3.784080743789672852e-01
5.230317115783691406e-01 2.284769564867019653e-01
1.457113474607467651e-01 9.295596480369567871e-01
7.748084664344787598e-01 1.474861204624176025e-01
4.798112511634826660e-01 9.834865927696228027e-01
7.105036377906799316e-01 5.767951011657714844e-01
1.135979965329170227e-01 4.652839899063110352e-01
9.471821188926696777e-01 8.625851273536682129e-01
3.005227446556091309e-01 6.888757646083831787e-02
5.843966603279113770e-01 2.749565243721008301e-01
2.117329537868499756e-01 7.354548573493957520e-01
8.539158105850219727e-01 6.476501822471618652e-01
4.161156713962554932e-01 3.190228343009948730e-01
6.846063137054443359e-01 5.126702040433883667e-02
3.644555807113646767e-02 7.613562941551208496e-01
9.184094667434692383e-01 4.106284976005554199e-01
3.561626076698303223e-01 5.032194256782531738e-01
5.505097508430480957e-01 8.851894140243530273e-01
1.850775182247161865e-01 2.080109119415283203e-01
7.887565493583679199e-01 2.043344676494598389e-01
4.549806416034698486e-01 8.902032971382141113e-01
7.425936460494995117e-01 5.057836174964904785e-01
9.179283678531646729e-02 4.089552760124206543e-01
9.704932570457458496e-01 7.633888721466064453e-01
2.798328697681427002e-01 4.987553134560585022e-02
5.943523645401000977e-01 3.131361603736877441e-01
2.495672702789306641e-01 6.409476995468139648e-01
8.212072253227233887e-01 7.404938936233520508e-01
3.890288174152374268e-01 2.812086045742034912e-01
6.562129259109497070e-01 6.443038582801818848e-02
1.683876663446426045e-02 8.671813607215881348e-01
9.053376317024230957e-01 4.618513286113739014e-01
3.375907838344573975e-01 5.734291076660156250e-01
5.119976997375488281e-01 9.766255021095275879e-01
1.398678869009017944e-01 1.407872885465621948e-01
7.601370215415954590e-01 9.241387248039245605e-01
4.854975342750549316e-01 2.315540313720703125e-01
7.004455924034118652e-01 3.818259239196777344e-01
1.087411344051361084e-01 5.509141683578491211e-01
9.594359993934631348e-01 2.235097577795389784e-03
2.819857895374298096e-01 8.052832484245300293e-01
5.698645710945129395e-01 6.611023545265197754e-01
1.980213522911071777e-01 3.574852049350738525e-01
8.598688244819641113e-01 3.030504882335662842e-01
4.363823533058166504e-01 7.100203633308410645e-01
6.637166142463684082e-01 8.188495635986328125e-01
5.572157725691794655e-02 9.927824139595031738e-02
9.309355020523071289e-01 6.199408173561096191e-01
3.609017133712768555e-01 4.912149310111999512e-01
5.400155186653137207e-01 1.693938672542572021e-01
1.567913293838500977e-01 9.555438756942749023e-01
8.019964694976806641e-01 5.382437705993652344e-01
4.521793127059936523e-01 3.991056978702545166e-01
7.217018008232116699e-01 2.428997457027435303e-01
6.277202814817428589e-02 9.214524030685424805e-01
9.859194755554199219e-01 3.659654557704925537e-01
2.503441870212554932e-01 6.805898547172546387e-01
6.167766451835632324e-01 7.865940928459167480e-01
2.267469614744186401e-01 2.400512807071208954e-02
8.403588533401489258e-01 1.200203672051429749e-01
3.943728804588317871e-01 8.436960577964782715e-01
6.323480606079101562e-01 6.990287303924560547e-01
3.298966446891430076e-03 2.928684055805206299e-01
8.903902173042297363e-01 9.391586780548095703e-01
3.148215115070343018e-01 1.792129725217819214e-01
5.267679095268249512e-01 4.769845604896545410e-01
1.545929312705993652e-01 6.002326607704162598e-01
7.731359601020812988e-01 4.293046295642852783e-01
4.694845378398895264e-01 5.260019898414611816e-01
7.175716757774353027e-01 8.943634033203125000e-01
1.196761503815650940e-01 1.924800872802734375e-01
9.436144232749938965e-01 6.291328072547912598e-01
3.057255446910858154e-01 3.410343229770660400e-01
5.930995345115661621e-01 3.690287843346595764e-02
2.096467316150665283e-01 7.687573432922363281e-01
8.500903844833374023e-01 8.578492403030395508e-01
4.113447070121765137e-01 9.033671021461486816e-02
6.771070361137390137e-01 2.617219388484954834e-01
4.021514579653739929e-02 7.318764925003051758e-01
9.089201688766479492e-01 1.367386877536773682e-01
3.491979837417602539e-01 9.893004894256591797e-01
5.614337325096130371e-01 5.787414312362670898e-01
1.777673065662384033e-01 4.412726461887359619e-01
7.919337749481201172e-01 7.971850633621215820e-01
4.634315967559814453e-01 1.267967093735932957e-02
7.398621439933776855e-01 3.444285392761230469e-01
8.263584971427917480e-02 6.687747836112976074e-01
9.776181578636169434e-01 2.226463407278060913e-01
2.703900039196014404e-01 9.305254220962524414e-01
6.063374876976013184e-01 5.578789710998535156e-01
2.364923059940338135e-01 3.829900920391082764e-01
8.154799938201904297e-01 4.971231520175933838e-01
3.800498545169830322e-01 6.145645380020141602e-01
6.478011012077331543e-01 9.641761183738708496e-01
2.726403437554835926e-02 1.563363373279571533e-01
8.966927528381347656e-01 7.160083055496215820e-01
3.303471207618713379e-01 3.062640726566314697e-01
5.049229264259338379e-01 1.069191172719001770e-01
1.261948496103286743e-01 8.229484558105468750e-01
7.544282674789428711e-01 5.838092416524887085e-02
4.949619472026824951e-01 7.546644806861877441e-01
6.932275295257568359e-01 6.553795933723449707e-01
9.924284368753433228e-02 3.247571885585784912e-01
9.619525671005249023e-01 8.804575204849243164e-01
2.942585945129394531e-01 2.154951840639114380e-01
5.706595182418823242e-01 4.209836423397064209e-01
1.894598007202148438e-01 5.153409838676452637e-01
8.698594570159912109e-01 5.696435570716857910e-01
4.295654594898223877e-01 4.561478495597839355e-01
6.690324544906616211e-01 1.515226513147354126e-01
5.292773246765136719e-02 9.708679914474487305e-01
9.275482892990112305e-01 2.701648473739624023e-01
3.722138702869415283e-01 7.492144703865051270e-01
5.337830185890197754e-01 8.711743354797363281e-01
1.665589213371276855e-01 7.330871373414993286e-02
8.073300719261169434e-01 3.313504755496978760e-01
4.412445425987243652e-01 6.371101737022399902e-01
7.265785932540893555e-01 7.765933275222778320e-01
7.576882839202880859e-02 4.529059678316116333e-02
9.929262399673461914e-01 5.226467251777648926e-01
2.616288959980010986e-01 4.359901845455169678e-01
6.224783062934875488e-01 1.969089955091476440e-01
2.220187187194824219e-01 9.051320552825927734e-01
8.354604840278625488e-01 9.928578734397888184e-01
4.031580984592437744e-01 1.276536583900451660e-01
6.341716051101684570e-01 4.500791132450103760e-01
1.267935987561940973e-02 5.899298191070556641e-01
8.800705671310424805e-01 8.136812597513198853e-02
3.227463364601135254e-01 8.505734205245971680e-01
5.178970694541931152e-01 7.210506200790405273e-01
1.417503803968429565e-01 2.565753757953643799e-01
7.782676815986633301e-01 6.776768565177917480e-01
4.808086752891540527e-01 3.737079203128814697e-01
7.033100128173828125e-01 2.032437734305858959e-02
1.127122715115547180e-01 7.918663620948791504e-01
9.517596960067749023e-01 3.933684229850769043e-01
3.017299175262451172e-01 5.468513965606689453e-01
5.786127448081970215e-01 9.135062098503112793e-01
2.149439901113510132e-01 2.409684956073760986e-01
8.593704700469970703e-01 1.831309944391250610e-01
4.215030074119567871e-01 9.511042237281799316e-01
6.806573271751403809e-01 6.069539785385131836e-01
3.225822001695632935e-02 4.702837765216827393e-01
9.177423119544982910e-01 8.298572897911071777e-01
3.544853627681732178e-01 1.155155450105667114e-01
5.516806244850158691e-01 2.817016839981079102e-01
1.833658814430236816e-01 6.949607729911804199e-01
7.823594808578491211e-01 2.872097790241241455e-01
4.597599804401397705e-01 6.903365850448608398e-01
7.491511106491088867e-01 8.345565795898437500e-01
8.693930506706237793e-02 1.125719398260116577e-01
9.736888408660888672e-01 6.033993959426879883e-01
2.734971940517425537e-01 4.757013320922851562e-01
5.994529724121093750e-01 1.874689906835556030e-01
2.423878759145736694e-01 9.480675458908081055e-01
8.278859853744506836e-01 9.090624451637268066e-01
3.838648200035095215e-01 2.366152405738830566e-01
6.518260240554809570e-01 3.970852494239807129e-01
2.188070677220821034e-02 5.394342541694641113e-01
8.988786339759826660e-01 1.625155657529830933e-02
3.411338627338409424e-01 7.939144968986511230e-01
5.115533471107482910e-01 6.756592392921447754e-01
1.334570795297622681e-01 3.708485066890716553e-01
7.631709575653076172e-01 7.233745455741882324e-01
4.885710477828979492e-01 2.515754401683807373e-01
6.972287297248840332e-01 8.418583869934082031e-02
1.044523417949676514e-01 8.467074036598205566e-01
9.545624256134033203e-01 4.466817378997802734e-01
2.882897853851318359e-01 5.865355134010314941e-01
5.648102164268493652e-01 9.979580044746398926e-01
2.004685997962951660e-01 1.309904307126998901e-01
8.654109835624694824e-01 2.009523212909698486e-01
4.325025379657745361e-01 9.005056023597717285e-01
6.593551635742187500e-01 5.168198347091674805e-01
5.862343311309813759e-02 4.319054186344146729e-01
9.351761341094970703e-01 7.795267701148986816e-01
3.640916049480438232e-01 4.131492227315902710e-02
5.447851419448852539e-01 3.340872228145599365e-01
1.612746417522430420e-01 6.336669325828552246e-01
7.997608780860900879e-01 8.707827329635620117e-01
4.453316330909729004e-01 7.607614994049072266e-02
7.232357263565063477e-01 2.670829594135284424e-01
6.733345240354537964e-02 7.431802749633789062e-01
9.885140657424926758e-01 1.524041593074798584e-01
2.561476230621337891e-01 9.765481948852539062e-01
6.100862026214599609e-01 5.659637451171875000e-01
2.312298119068145752e-01 4.585713148117065430e-01
8.385605812072753906e-01 4.165658652782440186e-01
3.984109759330749512e-01 5.102885365486145020e-01
6.261973977088928223e-01 8.758530020713806152e-01
5.844416562467810022e-03 2.127246707677841187e-01
8.862730264663696289e-01 6.490194797515869141e-01
3.180441856384277344e-01 3.217371404170989990e-01
5.300212502479553223e-01 5.958539247512816689e-02
1.500803977251052856e-01 7.534287571907043457e-01
7.676240205764770508e-01 1.018529087305068970e-01
4.743220508098602295e-01 8.253145813941955566e-01
7.147562503814697266e-01 7.121225595474243164e-01
1.215775460004806519e-01 3.116012811660766602e-01
9.387313723564147949e-01 9.675238728523254395e-01
3.091588318347930908e-01 1.613425165414810181e-01
5.861231684684753418e-01 4.933340549468994141e-01
2.045156508684158325e-01 6.101592183113098145e-01
8.465974330902099609e-01 5.590250492095947266e-01
4.100972712039947510e-01 3.896957933902740479e-01
6.735342144966125488e-01 2.230280190706253052e-01
4.459884390234947205e-02 9.357295036315917969e-01
9.140097498893737793e-01 3.495756983757019043e-01
3.440662026405334473e-01 6.654830574989318848e-01
5.559040307998657227e-01 8.016672134399414062e-01
1.745252013206481934e-01 7.828546687960619491e-03
7.950382828712463379e-01 5.853033065795898438e-01
4.662999510765075684e-01 4.434691071510314941e-01
7.378736138343811035e-01 1.334643810987472534e-01
7.952336221933364868e-02 9.871422648429870605e-01
9.810909628868103027e-01 2.602321803569793701e-01
2.661844193935394287e-01 7.283574342727661133e-01
6.033101677894592285e-01 8.541021943092346191e-01
2.412143647670745850e-01 8.880672603845596313e-02
8.169011473655700684e-01 3.398658707737922668e-02
3.756766021251678467e-01 7.696511149406433105e-01
6.436590552330017090e-01 6.251726746559143066e-01
2.858858741819858898e-02 3.364185094833374023e-01
8.910111188888549805e-01 8.960467576980590820e-01
3.333955407142639160e-01 1.894188076257705688e-01
5.014368891716003418e-01 4.243093132972717285e-01
1.318146586418151855e-01 5.290656089782714844e-01
7.503317594528198242e-01 4.825818836688995361e-01
4.983853101730346680e-01 5.962972044944763184e-01
6.907675266265869141e-01 9.428383708000183105e-01
9.517352283000946045e-02 1.750736981630325317e-01
9.670544862747192383e-01 7.011359333992004395e-01
2.929030954837799072e-01 2.956074178218841553e-01
5.752095580101013184e-01 1.243297159671783447e-01
1.919606924057006836e-01 8.360223174095153809e-01
8.714403510093688965e-01 7.842772603034973145e-01
4.230167269706726074e-01 2.971284091472626079e-02
6.662019491195678711e-01 3.602318167686462402e-01
4.957349598407744667e-02 6.868379116058349609e-01
9.246775507926940918e-01 2.472706884145736694e-01
3.675381541252136230e-01 9.141818881034851074e-01
5.355489253997802734e-01 5.348746776580810547e-01
1.697691231966018677e-01 4.024211168289184570e-01
8.124623894691467285e-01 1.653170287609100342e-01
4.425804018974304199e-01 9.584054946899414062e-01
7.313686013221740723e-01 6.232108473777770996e-01
7.241398841142654419e-02 4.867083132266998291e-01
9.996667504310607910e-01 8.142204284667968750e-01
2.643202245235443115e-01 9.591037780046463013e-02
6.183134317398071289e-01 2.988400161266326904e-01
2.227447777986526489e-01 7.054488062858581543e-01
8.297650218009948730e-01 6.583755016326904297e-01
4.000307321548461914e-01 3.535721898078918457e-01
6.398009061813354492e-01 6.493097636848689860e-03
9.719688445329669607e-03 8.094750642776489258e-01
8.782838582992553711e-01 3.757214844226837158e-01
3.279337584972381592e-01 5.479294061660766602e-01
5.201329588890075684e-01 9.275618195533752441e-01
1.478533893823623657e-01 2.288232445716857910e-01
7.757349014282226562e-01 9.815000891685485840e-01
4.780158698558807373e-01 1.450220793485641479e-01
7.086729407310485840e-01 4.673473238945007324e-01
1.160532981157302856e-01 5.757979154586791992e-01
9.492027759552001953e-01 6.750225275754928589e-02
2.973197400569915771e-01 8.593984842300415039e-01
5.822364091873168945e-01 7.375938296318054199e-01
2.141136229038238525e-01 2.763699293136596680e-01
8.524818420410156250e-01 3.164463937282562256e-01
4.157608449459075928e-01 6.464266180992126465e-01
6.855834126472473145e-01 7.593799829483032227e-01
3.779953718185424805e-02 5.449009686708450317e-02
9.209044575691223145e-01 5.003694295883178711e-01
3.580779731273651123e-01 4.134961962699890137e-01
5.487289428710937500e-01 2.091570645570755005e-01
1.865067034959793091e-01 8.845732808113098145e-01
7.853044271469116211e-01 8.868975639343261719e-01
4.565480351448059082e-01 2.051108628511428833e-01
7.441917061805725098e-01 4.074527621269226074e-01
9.270948171615600586e-02 5.068593621253967285e-01
9.719877839088439941e-01 4.748351871967315674e-02
2.774969935417175293e-01 7.643945217132568359e-01
5.965368151664733887e-01 6.439567804336547852e-01
2.475673258304595947e-01 3.148892521858215332e-01
8.239350914955139160e-01 2.787568271160125732e-01
3.881990313529968262e-01 7.389564514160156250e-01
6.542657017707824707e-01 8.642091751098632812e-01
1.915434189140797008e-02 6.555786728858947754e-02
9.036253690719604492e-01 5.717486143112182617e-01
3.380058109760284424e-01 4.641469717025756836e-01
5.150198936462402344e-01 1.426084041595458984e-01
1.380175501108169556e-01 9.800083637237548828e-01
7.580111622810363770e-01 2.336979955434799194e-01
4.880634248256683350e-01 9.236005544662475586e-01
7.023726105690002441e-01 5.532853007316589355e-01
1.061606928706169128e-01 3.806985318660736084e-01
9.585765600204467773e-01 8.078998327255249023e-01
2.848149240016937256e-01 1.572917681187389980e-03
5.669177770614624023e-01 3.559287786483764648e-01
1.953921318054199219e-01 6.631796360015869141e-01
8.628134727478027344e-01 7.078376412391662598e-01
4.349057078361511230e-01 3.016518950462341309e-01
6.615164875984191895e-01 9.969998896121978760e-02
5.693861469626426697e-02 8.168823122978210449e-01
9.321720004081726074e-01 4.896984994411468506e-01
3.616951107978820801e-01 6.183374524116516113e-01
5.422691702842712402e-01 9.534628987312316895e-01
1.583898067474365234e-01 1.711659431457519531e-01
8.039953708648681641e-01 4.007162153720855713e-01
4.510204493999481201e-01 5.368659496307373047e-01
7.198078632354736328e-01 9.197887182235717773e-01
6.614455580711364746e-02 2.453842014074325562e-01
9.865688085556030273e-01 6.829575896263122559e-01
2.523027062416076660e-01 3.652146458625793457e-01
6.148093342781066895e-01 2.576000615954399109e-02
2.300263494253158569e-01 7.889695167541503906e-01
8.419125676155090332e-01 8.401595354080200195e-01
3.914597034454345703e-01 1.173314675688743591e-01
6.289816498756408691e-01 2.904927134513854980e-01
1.834008609876039897e-03 6.964035630226135254e-01
8.873354196548461914e-01 1.758328527212142944e-01
3.140746653079986572e-01 9.395183324813842773e-01
5.243330001831054688e-01 5.994404554367065430e-01
1.536163985729217529e-01 4.800356030464172363e-01
7.711918354034423828e-01 5.246300697326660156e-01
4.708053469657897949e-01 4.260276257991790771e-01
7.165947556495666504e-01 1.943617314100265503e-01
1.187996342778205872e-01 8.921400904655456543e-01
9.427691698074340820e-01 3.432174324989318848e-01
3.073810935020446777e-01 6.310129761695861816e-01
5.912116765975952148e-01 7.670332789421081543e-01
2.073562592267990112e-01 3.755529224872589111e-02
8.490765690803527832e-01 9.297546744346618652e-02
4.134334921836853027e-01 8.571286201477050781e-01
6.783556938171386719e-01 7.342458367347717285e-01
4.245436936616898277e-02 2.638146579265594482e-01
9.070504903793334961e-01 9.916337728500366211e-01
3.509411215782165527e-01 1.399517655372619629e-01
5.595308542251586914e-01 4.393971860408782959e-01
1.766309887170791626e-01 5.807572603225708008e-01
7.897405028343200684e-01 1.490053813904524023e-02
4.621732234954833984e-01 7.992463707923889160e-01
7.414357662200927734e-01 6.712080240249633789e-01
8.413249999284744263e-02 3.473890125751495361e-01
9.804363250732421875e-01 9.334977865219116211e-01
2.720140218734741211e-01 2.199730873107910156e-01
6.088227629661560059e-01 3.865528404712677002e-01
2.361399084329605103e-01 5.562973618507385254e-01
8.141700029373168945e-01 6.156456470489501953e-01
3.827894926071166992e-01 4.991067647933959961e-01
6.461743712425231934e-01 1.601463854312896729e-01
2.436902001500130047e-02 9.615767598152160645e-01
8.959040045738220215e-01 3.072143197059631348e-01
3.296093940734863281e-01 7.184439301490783691e-01
5.070685744285583496e-01 8.219178915023803711e-01
1.277009099721908569e-01 1.075819954276084900e-01
7.574231624603271484e-01 7.559087872505187988e-01
4.937099516391754150e-01 5.624653398990631104e-02
6.936965584754943848e-01 3.263525366783142090e-01
9.990108013153076172e-02 6.533424854278564453e-01
9.646539688110351562e-01 2.183901667594909668e-01
2.949996888637542725e-01 8.822256922721862793e-01
5.734034776687622070e-01 5.123763680458068848e-01
1.893743872642517090e-01 4.198969304561614990e-01
8.674458265304565430e-01 4.546537995338439941e-01
4.270391762256622314e-01 5.668269991874694824e-01
6.701273322105407715e-01 9.696885943412780762e-01
5.199248343706130981e-02 1.492378860712051392e-01
9.279627799987792969e-01 7.469522953033447266e-01
3.735917806625366211e-01 2.730985581874847412e-01
5.326417684555053711e-01 7.205357402563095093e-02
1.646299064159393311e-01 8.731470108032226562e-01
8.046918511390686035e-01 6.404291987419128418e-01
4.392030537128448486e-01 3.295356929302215576e-01
7.295523285865783691e-01 4.358251020312309265e-02
7.693694531917572021e-02 7.734960913658142090e-01
9.949731826782226562e-01 4.344533979892730713e-01
2.597167491912841797e-01 5.205910205841064453e-01
6.231684684753417969e-01 9.039217829704284668e-01
2.202615141868591309e-01 1.983591616153717041e-01
8.325566053390502930e-01 1.258415579795837402e-01
4.053092002868652344e-01 9.951134324073791504e-01
6.362633705139160156e-01 5.920476913452148438e-01
1.446377392858267004e-02 4.520933330059051514e-01
8.820663690567016602e-01 8.487575650215148926e-01
3.207659721374511719e-01 7.864950597286224365e-02
5.173550844192504883e-01 2.557633519172668457e-01
1.429007798433303833e-01 7.195614576339721680e-01
7.801342606544494629e-01 3.721853494644165039e-01
4.824840724468231201e-01 6.784717440605163574e-01
7.061808705329895020e-01 7.909871339797973633e-01
1.095291972160339355e-01 2.220086567103863109e-02
9.502279758453369141e-01 5.436034202575683594e-01
3.042952716350555420e-01 3.910571336746215820e-01
5.807836651802062988e-01 2.398732155561447144e-01
2.174724489450454712e-01 9.111152887344360352e-01
8.561192154884338379e-01 9.523933529853820801e-01
4.189378619194030762e-01 1.800840348005294800e-01
6.833398342132568359e-01 4.710566401481628418e-01
3.336677700281143188e-02 6.081090569496154785e-01
9.157288670539855957e-01 1.134945154190063477e-01
3.533695042133331299e-01 8.311102390289306641e-01
5.532826781272888184e-01 6.932107806205749512e-01
1.807706952095031738e-01 2.840218245983123779e-01
7.843032479286193848e-01 1.115188002586364746e-01
4.571309387683868408e-01 8.354949355125427246e-01
7.465452551841735840e-01 6.906025409698486328e-01
8.828771114349365234e-02 2.884892225265502930e-01
9.747093319892883301e-01 9.483256340026855469e-01
2.757461369037628174e-01 1.859811395406723022e-01
6.009153127670288086e-01 4.749883115291595459e-01
2.445112615823745728e-01 6.024529933929443359e-01
8.257004618644714355e-01 5.406886935234069824e-01
3.851993083953857422e-01 3.982937335968017578e-01
6.494517922401428223e-01 2.376311719417572021e-01
2.065967954695225109e-02 9.097163081169128418e-01
9.008698463439941406e-01 3.696151375770568848e-01
3.420537114143371582e-01 6.747280955314636230e-01
5.078909397125244141e-01 7.942444682121276855e-01
1.350336074829101562e-01 1.698753423988819122e-02
7.653270363807678223e-01 8.466562628746032715e-01
4.909178018569946289e-01 8.577521145343780518e-02
6.973780989646911621e-01 2.501591444015502930e-01
1.031393334269523621e-01 7.245907783508300781e-01
9.565060138702392578e-01 1.319112032651901245e-01
2.863468229770660400e-01 9.968801140785217285e-01
5.627721548080444336e-01 5.872201323509216309e-01
2.030480802059173584e-01 4.454068839550018311e-01
8.638638854026794434e-01 4.330939650535583496e-01
4.310986995697021484e-01 5.160627961158752441e-01
6.569039821624755859e-01 9.015915989875793457e-01
6.125241890549659729e-02 1.997408270835876465e-01
9.372270107269287109e-01 6.339923143386840820e-01
3.671671450138092041e-01 3.349873721599578857e-01
5.465795397758483887e-01 4.252227768301963806e-02
1.639350801706314087e-01 7.805886864662170410e-01
7.975320219993591309e-01 7.426965832710266113e-01
4.476655721664428711e-01 2.659701704978942871e-01
7.264904379844665527e-01 7.465977221727371216e-02
6.983995437622070312e-02 8.694894909858703613e-01
9.911011457443237305e-01 4.576392173767089844e-01
2.556649744510650635e-01 5.649819374084472656e-01
6.131688952445983887e-01 9.755590558052062988e-01
2.332688570022583008e-01 1.534389257431030273e-01
8.375762701034545898e-01 2.112312912940979004e-01
3.949347138404846191e-01 8.764888048171997070e-01
6.279790997505187988e-01 5.107878446578979492e-01
6.881125271320340415e-03 4.178856611251831055e-01
8.844517469406127930e-01 7.526082396507263184e-01
3.193931579589843750e-01 5.885154008865355751e-02
5.280337333679199219e-01 3.209188580513000488e-01
1.507012993097305298e-01 6.498225927352905273e-01
7.675201892852783203e-01 3.106447756290435791e-01
4.762365221977233887e-01 7.118033766746520996e-01
7.117751240730285645e-01 8.242824077606201172e-01
1.244860291481018066e-01 1.029413118958473206e-01
9.397016167640686035e-01 6.105619668960571289e-01
3.121815919876098633e-01 4.929933547973632812e-01
5.888403654098510742e-01 1.608706116676330566e-01
2.058287411928176880e-01 9.680072665214538574e-01
8.457013964653015137e-01 9.368135929107666016e-01
4.077632427215576172e-01 2.236382961273193359e-01
6.742689013481140137e-01 3.891675174236297607e-01
4.575980082154273987e-02 5.596650838851928711e-01
9.112060070037841797e-01 9.550902061164380855e-03
3.470257818698883057e-01 8.023186922073364258e-01
5.577976703643798828e-01 6.645633578300476074e-01
1.723394095897674561e-01 3.483451306819915771e-01
7.937953472137451172e-01 9.878718852996826172e-01
4.671660661697387695e-01 1.338776201009750366e-01
7.348152399063110352e-01 4.445895254611968994e-01
8.116553723812103271e-02 5.842849016189575195e-01
9.828884601593017578e-01 8.923045545816421509e-02
2.676403522491455078e-01 8.549819588661193848e-01
6.045220494270324707e-01 7.266952395439147949e-01
2.384140640497207642e-01 2.611609399318695068e-01
8.200798034667968750e-01 3.371995687484741211e-01
3.773540854454040527e-01 6.268795728683471680e-01
6.411109566688537598e-01 7.709954380989074707e-01
3.003618121147156109e-02 3.507141023874282837e-02
8.932173252105712891e-01 5.273754000663757324e-01
3.342255055904388428e-01 4.254304468631744385e-01
5.030050873756408691e-01 1.884591579437255859e-01
1.302197724580764771e-01 8.947144150733947754e-01
7.522543072700500488e-01 1.742057502269744873e-01
4.971587657928466797e-01 9.414584636688232422e-01
6.875905990600585938e-01 5.967656373977661133e-01
9.641512483358383179e-02 4.843456447124481201e-01
9.660210609436035156e-01 8.369490504264831543e-01
2.891438603401184082e-01 1.235665529966354370e-01
5.776227712631225586e-01 2.968328297138214111e-01
1.935784965753555298e-01 6.996508836746215820e-01
8.730936646461486816e-01 6.864975690841674805e-01
4.240362048149108887e-01 3.607765436172485352e-01
6.652871370315551758e-01 3.034333884716033936e-02
4.775511473417282104e-02 7.841721773147583008e-01
9.227613210678100586e-01 4.042702913284301758e-01
3.691567778587341309e-01 5.334370732307434082e-01
5.380625724792480469e-01 9.153203964233398438e-01
1.707646697759628296e-01 2.470675110816955566e-01
8.090492486953735352e-01 4.877105951309204102e-01
4.448285698890686035e-01 6.249917149543762207e-01
7.327451109886169434e-01 9.577125310897827148e-01
7.196731865406036377e-02 1.649527549743652344e-01
9.964097142219543457e-01 7.062838077545166016e-01
2.620748579502105713e-01 3.000239729881286621e-01
6.201240420341491699e-01 9.724753350019454956e-02
2.248262614011764526e-01 8.127210736274719238e-01
8.303893208503723145e-01 8.100711703300476074e-01
4.017886519432067871e-01 7.405242882668970281e-03
6.377705335617065430e-01 3.548255562782287598e-01
9.931576438248159236e-03 6.596093773841857910e-01
8.762835264205932617e-01 2.300012409687042236e-01
3.245228528976440430e-01 9.260995984077453613e-01
5.221213102340698242e-01 5.478062629699707031e-01
1.454861760139465332e-01 3.769178390502929688e-01
7.738115191459655762e-01 5.745761394500732422e-01
4.794139564037322998e-01 4.679270386695861816e-01
7.092705368995666504e-01 1.463001668453216553e-01
1.150456368923187256e-01 9.804848432540893555e-01
9.461544156074523926e-01 2.758966684341430664e-01
2.991600334644317627e-01 7.365538477897644043e-01
5.854478478431701660e-01 8.608006238937377930e-01
2.122285068035125732e-01 6.704625487327575684e-02
8.549685478210449219e-01 5.344107747077941895e-02
4.170653522014617920e-01 7.578542828559875488e-01
6.841900348663330078e-01 6.447224020957946777e-01
3.544077277183532715e-02 3.181257247924804688e-01
9.194465279579162598e-01 8.833321928977966309e-01
3.567738234996795654e-01 2.108499258756637573e-01
5.494117736816406250e-01 4.125601649284362793e-01
1.840765923261642456e-01 5.011441707611083984e-01
7.878042459487915039e-01 5.067085623741149902e-01
4.537512660026550293e-01 4.064389765262603760e-01
7.433839440345764160e-01 2.065977007150650024e-01
9.050258994102478027e-02 8.881826400756835938e-01
9.692850708961486816e-01 3.158980607986450195e-01
2.808252274990081787e-01 6.432999968528747559e-01
5.956260561943054199e-01 7.654147148132324219e-01
2.485970556735992432e-01 4.878396913409233093e-02
8.215916156768798828e-01 6.453552097082138062e-02
3.896544873714447021e-01 8.646014332771301270e-01
6.545413732528686523e-01 7.393753528594970703e-01
1.570652239024639130e-02 2.778134346008300781e-01
9.049053192138671875e-01 9.787514209747314453e-01
3.363941609859466553e-01 1.438092142343521118e-01
5.127949714660644531e-01 4.636352658271789551e-01
1.388026326894760132e-01 5.704388618469238281e-01
7.614339590072631836e-01 3.795774281024932861e-01
4.844599068164825439e-01 5.540348291397094727e-01
6.997649669647216797e-01 9.226107597351074219e-01
1.080803275108337402e-01 2.333203405141830444e-01
9.609374403953552246e-01 6.621956229209899902e-01
2.823743820190429688e-01 3.570729494094848633e-01
5.684975981712341309e-01 1.143689732998600056e-04
1.986269801855087280e-01 8.076015710830688477e-01
8.603777885437011719e-01 8.178547024726867676e-01
4.372865259647369385e-01 1.009895950555801392e-01
6.624513268470764160e-01 3.025636374950408936e-01
5.532054603099822998e-02 7.084925174713134766e-01
9.303539991378784180e-01 1.702804416418075562e-01
3.599441051483154297e-01 9.541087150573730469e-01
5.407307744026184082e-01 6.179574131965637207e-01
1.576267778873443604e-01 4.891908764839172363e-01
8.013557195663452148e-01 2.448556274175643921e-01
4.516577124595642090e-01 9.180496931076049805e-01
7.212318778038024902e-01 5.355157852172851562e-01
6.379349529743194580e-02 4.016611874103546143e-01
9.849153757095336914e-01 7.872017621994018555e-01
2.510246038436889648e-01 2.693181484937667847e-02
6.161394119262695312e-01 3.632866740226745605e-01
2.277858406305313110e-01 6.819959282875061035e-01
8.413422107696533203e-01 6.954438090324401855e-01
3.934694528579711914e-01 2.899096906185150146e-01
6.313838958740234375e-01 1.184523031115531921e-01
2.619693521410229858e-03 8.412422537803649902e-01
8.886836171150207520e-01 4.785505235195159912e-01
3.161910772323608398e-01 5.978755354881286621e-01
5.263054966926574707e-01 9.408581852912902832e-01
1.557757854461669922e-01 1.770193278789520264e-01
7.715641856193542480e-01 8.913473486900329590e-01
4.705062210559844971e-01 1.935215443372726440e-01
7.185200452804565430e-01 4.273693263530731201e-01
1.201950535178184509e-01 5.234491825103759766e-01
9.449212551116943359e-01 3.870993107557296753e-02
3.049394786357879639e-01 7.660980224609375000e-01
5.923991799354553223e-01 6.321739554405212402e-01
2.101510465145111084e-01 3.419168889522552490e-01
8.506485819816589355e-01 2.648989856243133545e-01
4.108868539333343506e-01 7.325885891914367676e-01
6.759243011474609375e-01 8.558678030967712402e-01
3.910700976848602295e-02 9.212401509284973145e-02
9.098320007324218750e-01 5.815306305885314941e-01
3.477193415164947510e-01 4.384248852729797363e-01
5.615882873535156250e-01 1.390851140022277832e-01
1.788354814052581787e-01 9.910676479339599609e-01
7.929230928421020508e-01 3.462536633014678955e-01
4.641445279121398926e-01 6.700774431228637695e-01
7.386766672134399414e-01 8.002126812934875488e-01
8.383334428071975708e-02 1.398214511573315014e-02
9.769142866134643555e-01 5.555031299591064453e-01
2.708685696125030518e-01 3.855918049812316895e-01
6.073834300041198730e-01 2.190230041742324829e-01
2.374335378408432007e-01 9.320716261863708496e-01
8.152545690536499023e-01 9.623338580131530762e-01
3.798209130764007568e-01 1.584297567605972290e-01
6.465250849723815918e-01 4.986807107925415039e-01
2.564701251685619007e-02 6.167252063751220703e-01
8.981729149818420410e-01 1.091226115822792053e-01
3.314130604267120361e-01 8.209369182586669922e-01
5.042449235916137695e-01 7.170435190200805664e-01
1.255631297826766968e-01 3.079935312271118164e-01
7.553943395614624023e-01 6.525315642356872559e-01
4.953613877296447754e-01 3.276962935924530029e-01
6.915614604949951172e-01 5.533051863312721252e-02
9.832654148340225220e-02 7.569737434387207031e-01
9.610715508460998535e-01 4.185892641544342041e-01
2.937610447406768799e-01 5.133647918701171875e-01
5.719634294509887695e-01 8.811483383178710938e-01
1.908080279827117920e-01 2.176540642976760864e-01
8.703396916389465332e-01 1.500132530927658081e-01
4.282392561435699463e-01 9.702917337417602539e-01
6.687053442001342773e-01 5.679810047149658203e-01
5.434051901102066040e-02 4.534344673156738281e-01
9.262342453002929688e-01 8.747263550758361816e-01
3.713012039661407471e-01 7.102953642606735229e-02
5.346572399139404297e-01 2.724421024322509766e-01
1.675701290369033813e-01 7.470803856849670410e-01
8.080087900161743164e-01 7.747581005096435547e-01
4.396453201770782471e-01 4.484505578875541687e-02
7.281851172447204590e-01 3.286012709140777588e-01
7.440054416656494141e-02 6.392568349838256836e-01
9.935360550880432129e-01 1.975883096456527710e-01
2.605712115764617920e-01 9.030765891075134277e-01
6.214538812637329102e-01 5.199435353279113770e-01
2.207293212413787842e-01 4.346510469913482666e-01
8.348836898803710938e-01 4.522025585174560547e-01
4.041840136051177979e-01 5.934009552001953125e-01
6.330055594444274902e-01 9.960778951644897461e-01
1.336957979947328914e-02 1.267871111631393433e-01
8.792845010757446289e-01 7.202129364013671875e-01
3.241052627563476562e-01 2.539107799530029297e-01
5.188627839088439941e-01 7.992371171712875366e-02
1.409454196691513062e-01 8.486055731773376465e-01
7.786772847175598145e-01 2.326584607362746845e-02
4.817785918712615967e-01 7.897744774818420410e-01
7.050197124481201172e-01 6.788859367370605469e-01
1.118431612849235535e-01 3.714417219161987305e-01
9.530510306358337402e-01 9.114297628402709961e-01
3.024375736713409424e-01 2.387146502733230591e-01
5.799240469932556152e-01 3.921907544136047363e-01
2.164184898138046265e-01 5.449065566062927246e-01
8.581256270408630371e-01 6.086933016777038574e-01
4.201664924621582031e-01 4.718075692653656006e-01
6.810926198959350586e-01 1.813613474369049072e-01
3.128887712955474854e-02 9.519773125648498535e-01
9.168305993080139160e-01 2.845849692821502686e-01
3.546076118946075439e-01 6.921017765998840332e-01
5.523425936698913574e-01 8.304848074913024902e-01
1.822408884763717651e-01 1.144718304276466370e-01
7.820898294448852539e-01 8.334231972694396973e-01
4.607624113559722900e-01 1.108007729053497314e-01
7.484041452407836914e-01 2.869222462177276611e-01
8.667050302028656006e-02 6.889905333518981934e-01
9.733086824417114258e-01 1.848774254322052002e-01
2.747739851474761963e-01 9.466754794120788574e-01
5.984951257705688477e-01 6.053600311279296875e-01
2.435271441936492920e-01 4.728077948093414307e-01
8.265525102615356445e-01 3.964830338954925537e-01
3.833148479461669922e-01 5.418799519538879395e-01
6.507004499435424805e-01 9.069959521293640137e-01
2.264140546321868896e-02 2.356268614530563354e-01
9.001114368438720703e-01 6.732915043830871582e-01
3.400116860866546631e-01 3.681701421737670898e-01
5.099381208419799805e-01 1.826388761401176106e-02
1.346234083175659180e-01 7.955806255340576172e-01
7.621552348136901855e-01 8.359877020120620728e-02
4.902219772338867188e-01 8.448124527931213379e-01
6.960093379020690918e-01 7.265056967735290527e-01
1.047153472900390625e-01 2.525772154331207275e-01
9.533361196517944336e-01 9.981246590614318848e-01
2.876394391059875488e-01 1.297850310802459717e-01
5.661244988441467285e-01 4.478763639926910400e-01
1.995891630649566650e-01 5.880575180053710938e-01
8.671514391899108887e-01 5.182743072509765625e-01
4.335095584392547607e-01 4.311194717884063721e-01
6.589062809944152832e-01 2.016473412513732910e-01
5.957183614373207092e-02 8.998740911483764648e-01
9.336110949516296387e-01 3.332617580890655518e-01
3.649615645408630371e-01 6.350535750389099121e-01
5.436027050018310547e-01 7.773813009262084961e-01
1.609844416379928589e-01 3.935092315077781677e-02
7.998352646827697754e-01 2.676591575145721436e-01
4.465735852718353271e-01 7.459212541580200195e-01
7.245032787322998047e-01 8.689442276954650879e-01
6.805278360843658447e-02 7.747165858745574951e-02
9.896072745323181152e-01 5.628571510314941406e-01
2.570096552371978760e-01 4.593936800956726074e-01
6.110583543777465820e-01 1.554362475872039795e-01
2.318856120109558105e-01 9.728736877441406250e-01
8.398358225822448730e-01 8.778950572013854980e-01
3.972535431385040283e-01 2.138161063194274902e-01
6.256512403488159180e-01 4.147270321846008301e-01
4.814895335584879789e-03 5.082104206085205078e-01
8.852591514587402344e-01 6.123694032430648804e-02
3.164674341678619385e-01 7.515152096748352051e-01
5.305802822113037109e-01 6.507617235183715820e-01
1.491831243038177490e-01 3.241055011749267578e-01
7.691403031349182129e-01 7.145391106605529785e-01
4.735376834869384766e-01 3.096400201320648193e-01
7.137469053268432617e-01 1.045880392193794250e-01
1.221556067466735840e-01 8.263590931892395020e-01
9.378564357757568359e-01 4.947171807289123535e-01
3.103206753730773926e-01 6.122043132781982422e-01
5.875869989395141602e-01 9.664566516876220703e-01
2.031798213720321655e-01 1.637903600931167603e-01
8.473852276802062988e-01 2.251257151365280151e-01
4.089649319648742676e-01 9.338786602020263672e-01
6.719232797622680664e-01 5.608677268028259277e-01
4.323990270495414734e-02 3.877965509891510010e-01
9.129269123077392578e-01 8.045355081558227539e-01
3.450706899166107178e-01 1.148342993110417973e-02
5.552151203155517578e-01 3.501913845539093018e-01
1.750050187110900879e-01 6.673049926757812500e-01
7.967991232872009277e-01 1.348340958356857300e-01
4.658060669898986816e-01 9.861667156219482422e-01
7.370467185974121094e-01 5.834655165672302246e-01
7.878716289997100830e-02 4.416640996932983398e-01
9.819902181625366211e-01 8.523180484771728516e-01
2.670696079730987549e-01 8.676560968160629272e-02
6.023729443550109863e-01 2.589541375637054443e-01
2.409420162439346313e-01 7.299041152000427246e-01
8.175893425941467285e-01 6.274547576904296875e-01
3.767370283603668213e-01 3.398289680480957031e-01
6.430212855339050293e-01 3.165878728032112122e-02
2.793025411665439953e-02 7.725890874862670898e-01
8.921966552734375000e-01 4.228146672248840332e-01
3.322985172271728516e-01 5.300997495651245117e-01
5.007094740867614746e-01 8.976134657859802246e-01
1.325121819972991943e-01 1.900624930858612061e-01
7.517712712287902832e-01 9.439662098884582520e-01
4.994046390056610107e-01 1.735014915466308594e-01
6.902022361755371094e-01 4.815402626991271973e-01
9.438957273960113525e-02 5.941327214241027832e-01
9.686617851257324219e-01 1.224225386977195740e-01
2.919081747531890869e-01 8.394139409065246582e-01
5.750455856323242188e-01 7.023938298225402832e-01
1.929948031902313232e-01 2.945149838924407959e-01
8.722167015075683594e-01 3.613374531269073486e-01
4.225680530071258545e-01 6.850454807281494141e-01
6.675823926925659180e-01 7.821880578994750977e-01
4.989610612392426231e-02 2.752977237105369915e-02
9.250527024269104004e-01 5.322771072387695312e-01
3.683042526245117188e-01 4.051776528358459473e-01
5.366629958152770996e-01 2.494364827871322632e-01
1.681594848632812500e-01 9.164746403694152832e-01
8.112030029296875000e-01 6.229924559593200684e-01
4.421990811824798584e-01 4.856538176536560059e-01
7.317218780517578125e-01 1.675651818513870239e-01
7.338822633028030396e-02 9.600368738174438477e-01
9.988123774528503418e-01 2.980801165103912354e-01
2.647890448570251465e-01 7.035216093063354492e-01
6.181429028511047363e-01 8.145765662193298340e-01
2.237376868724822998e-01 9.470755606889724731e-02
8.288511633872985840e-01 5.124258808791640023e-03
3.991959095001220703e-01 8.118089437484741211e-01
6.392651200294494629e-01 6.576457619667053223e-01
8.146708831191059458e-03 3.527759611606597900e-01
8.777078390121459961e-01 9.286075234413146973e-01
3.268137276172637939e-01 2.272209078073501587e-01
5.209849476814270020e-01 3.778999149799346924e-01
1.468852609395980835e-01 5.489201545715332031e-01
7.767489552497863770e-01 4.666045010089874268e-01
4.774954617023468018e-01 5.780779123306274414e-01
7.070786356925964355e-01 9.826033115386962891e-01
1.167265176773071289e-01 1.469679623842239380e-01
9.473592638969421387e-01 7.348269224166870117e-01
2.980948686599731445e-01 2.740480303764343262e-01
5.835624933242797852e-01 6.987447291612625122e-02
2.133877277374267578e-01 8.613932728767395020e-01
8.528856039047241211e-01 7.599673867225646973e-01
4.150069057941436768e-01 5.193999782204627991e-02
6.870660781860351562e-01 3.197232186794281006e-01
3.847443684935569763e-02 6.470379829406738281e-01
9.202825427055358887e-01 2.076254189014434814e-01
3.584901392459869385e-01 8.866657614707946777e-01
5.474750995635986328e-01 5.028067827224731445e-01
1.865860670804977417e-01 4.116762876510620117e-01
7.867691516876220703e-01 4.093703031539916992e-01
4.554613232612609863e-01 5.045610666275024414e-01
7.454343438148498535e-01 8.890436291694641113e-01
9.291191399097442627e-02 2.037736624479293823e-01
9.709478616714477539e-01 6.418571472167968750e-01
2.783429324626922607e-01 3.137962222099304199e-01
5.974833369255065918e-01 4.940098524093627930e-02
2.465172260999679565e-01 7.617732286453247070e-01
8.230907320976257324e-01 8.661842346191406250e-01
3.869021832942962646e-01 6.311024725437164307e-02
6.531742811203002930e-01 2.797252535820007324e-01
1.827481575310229908e-02 7.419801950454711914e-01
9.027018547058105469e-01 1.418147981166839600e-01
3.398198783397674561e-01 9.784488081932067871e-01
5.138947367668151855e-01 5.723234415054321289e-01
1.370348930358886719e-01 4.619770646095275879e-01
7.596158385276794434e-01 5.523111820220947266e-01
4.867921471595764160e-01 3.823713958263397217e-01
7.017781138420104980e-01 2.305687516927719116e-01
1.071602329611778259e-01 9.252907037734985352e-01
9.577619433403015137e-01 3.591547012329101562e-01
2.836682498455047607e-01 6.613829731941223145e-01
5.681635737419128418e-01 8.063896298408508301e-01
1.963591575622558594e-01 3.411436453461650069e-03
8.621165156364440918e-01 9.798740595579147339e-02
4.345141351222991943e-01 8.199000954627990723e-01
6.601682901382446289e-01 7.091123461723327637e-01
5.817453563213347695e-02 3.046847581863403320e-01
9.327485561370849609e-01 9.564828872680664062e-01
3.627013862133026123e-01 1.684250831604003906e-01
5.411477088928222656e-01 4.902561604976654053e-01
1.593200117349624634e-01 6.207583546638488770e-01
8.036226034164428711e-01 9.200986623764038086e-01
4.497324824333190918e-01 2.433339804410934448e-01
7.190486788749694824e-01 3.994257748126983643e-01
6.494205445051193237e-02 5.376677513122558594e-01
9.881414175033569336e-01 2.457527816295624126e-02
2.538635134696960449e-01 7.858754992485046387e-01
6.142127513885498047e-01 6.807653903961181641e-01
2.285315245389938354e-01 3.665162920951843262e-01
8.435485959053039551e-01 2.910836637020111084e-01
3.923770189285278320e-01 6.973804831504821777e-01
6.299527883529663086e-01 8.418022394180297852e-01
8.760790806263700405e-04 1.206069216132164001e-01
8.885652422904968262e-01 6.014397740364074707e-01
3.127003908157348633e-01 4.776820838451385498e-01
5.247964859008789062e-01 1.780422776937484741e-01
1.526674479246139526e-01 9.382184743881225586e-01
7.697108983993530273e-01 1.916089653968811035e-01
4.720176160335540771e-01 8.926288485527038574e-01
7.148530483245849609e-01 5.269245505332946777e-01
1.172594428062438965e-01 4.285829961299896240e-01
9.423614740371704102e-01 7.682157158851623535e-01
3.079496920108795166e-01 3.519210964441298745e-02
5.904164314270019531e-01 3.406311571598052979e-01
2.089502364397048950e-01 6.300452351570129395e-01
8.478488922119140625e-01 7.309868931770324707e-01
4.127697348594665527e-01 2.634373307228088379e-01
6.795324683189392090e-01 9.141039848327636719e-02
4.110798984766005776e-02 8.588134050369262695e-01
9.076794981956481934e-01 4.401217401027679443e-01
3.501077294349670410e-01 5.793201327323913574e-01
5.604377388954162598e-01 9.890863299369812012e-01
1.770231127738952637e-01 1.384833455085754395e-01
7.900552153587341309e-01 6.693632602691650391e-01
4.610286056995391846e-01 3.451031744480133057e-01
7.405653595924377441e-01 1.347045879811049028e-02
8.498098701238632202e-02 7.978719472885131836e-01
9.788627624511718750e-01 3.846433460712432861e-01
2.731114327907562256e-01 5.568058490753173828e-01
6.081216335296630859e-01 9.315811395645141602e-01
2.352117002010345459e-01 2.214421629905700684e-01
8.127902150154113770e-01 1.577699184417724609e-01
3.811472654342651367e-01 9.638081192970275879e-01
6.454572677612304688e-01 6.137039661407470703e-01
2.463960275053977966e-02 4.964316785335540771e-01
8.946942687034606934e-01 8.232738971710205078e-01
3.288816213607788086e-01 1.059832349419593811e-01
5.066573023796081543e-01 3.052036464214324951e-01
1.281718313694000244e-01 7.149878740310668945e-01
7.564540505409240723e-01 3.252225816249847412e-01
4.928071796894073486e-01 6.546941399574279785e-01
6.949591040611267090e-01 7.549734711647033691e-01
1.014290153980255127e-01 5.739349499344825745e-02
9.635967612266540527e-01 5.144026279449462891e-01
2.964597940444946289e-01 4.200131297111511230e-01
5.727671980857849121e-01 2.160490900278091431e-01
1.877032220363616943e-01 8.790060281753540039e-01
8.691333532333374023e-01 9.722020626068115234e-01
4.265574216842651367e-01 1.511595994234085083e-01
6.715080738067626953e-01 4.551773071289062500e-01
5.170508101582527161e-02 5.692351460456848145e-01
9.296640157699584961e-01 7.279875129461288452e-02
3.749591112136840820e-01 8.729468584060668945e-01
5.318899154663085938e-01 7.485378384590148926e-01
1.659284681081771851e-01 2.705272436141967773e-01
8.060206174850463867e-01 4.654752090573310852e-02
4.383202195167541504e-01 7.754897475242614746e-01
7.293678522109985352e-01 6.386227607727050781e-01
7.769993692636489868e-02 3.305810391902923584e-01
9.953518509864807129e-01 9.057472348213195801e-01
2.583534419536590576e-01 1.954928785562515259e-01
6.240509152412414551e-01 4.367003440856933594e-01
2.192367613315582275e-01 5.217623114585876465e-01
8.335425853729248047e-01 5.909794569015502930e-01
4.052441120147705078e-01 4.508476257324218750e-01
6.355066299438476562e-01 1.284118741750717163e-01
1.478131301701069052e-02 9.941378831863403320e-01
8.812711834907531738e-01 2.570503354072570801e-01
3.218990564346313477e-01 7.218653559684753418e-01
5.162699222564697266e-01 8.513499498367309570e-01
1.438083350658416748e-01 8.046861737966537476e-02
7.810961008071899414e-01 7.922928929328918457e-01
4.840168952941894531e-01 2.135315537452698101e-02
7.054290771484375000e-01 3.746190965175628662e-01
1.103830114006996155e-01 6.766211390495300293e-01
9.500190019607543945e-01 2.417583167552947998e-01
3.030706048011779785e-01 9.123716950416564941e-01
5.819602012634277344e-01 5.450094342231750488e-01
2.178931832313537598e-01 3.942414224147796631e-01
8.566815853118896484e-01 4.694299697875976562e-01
4.189569056034088135e-01 6.056118607521057129e-01
6.818534731864929199e-01 9.494739174842834473e-01
3.448780626058577797e-02 1.825633794069290161e-01
9.145228266716003418e-01 6.934738755226135254e-01
3.517231047153472900e-01 2.831429839134216309e-01
5.546241998672485352e-01 1.165887191891670227e-01
1.806628853082656860e-01 8.282642960548400879e-01
